year	EAS	ECS	LCN	MEA	NAC	SAS	SSF
1970	8.569500753	10.23687538	10.24837229	15.09638161	9.292354845	17.29812314	20.55067118
1971	8.289083414	10.27800041	9.998984237	14.63649195	9.110991822999999	16.90628713	20.22315976
1972	8.403048697000001	10.23490883	9.763533881	14.17354417	9.209863096	16.50586938	19.90364801
1973	8.06092479	10.32369182	9.539340235	13.6934525	9.118051579	16.09197295	19.59012835
1974	8.186676163	10.2778015	9.331371929	13.21833461	8.935789996	15.666459699999997	19.28485162
1975	8.121604312999999	10.41525947	9.13180345	12.75846841	8.654103288	15.23723731	18.99413339
1976	8.019852234	10.44049676	8.94518723	12.32507925	8.643815266	14.81709811	18.71240022
1977	7.680135577000001	10.35147444	8.764276781	11.95087087	8.453328548	14.41830472	18.44408093
1978	7.207901326	10.45773196	8.588933645	11.62211282	8.543509141	14.04929799	18.18493952
1979	7.082474772	10.39320206	8.419643886	11.33158458	8.353569369	13.71344329	17.93858642
1980	7.121355857	10.53109458	8.25346645	11.0670114	8.63368539	13.41058203	17.70115476
1981	7.024807801000001	10.39043542	8.09156232	10.78783227	8.443375293999999	13.13759505	17.47069715
1982	7.098646293	10.27636503	7.934155393999999	10.48737624	8.362641221	12.88445114	17.24813039
1983	7.2386745999999995	10.4566732	7.782161887000001	10.1291858	8.442893291	12.64143298	17.03441144
1984	7.111451389	10.47219716	7.636596546	9.7140046	8.532620598	12.40265429	16.83311695
1985	7.0289395070000005	10.50278526	7.501023687999999	9.257570198	8.532864408	12.16185686	16.65219464
1986	7.038554231	10.16695014	7.367579613999999	8.783653274	8.552420054	11.91137936	16.50173695
1987	6.95227275	10.10662343	7.240611922	8.309732582	8.46173881	11.65097089	16.38835725
1988	6.846734077000001	10.13033679	7.118859941	7.865686374	8.741440857	11.38133473	16.31192153
1989	6.7496955320000005	10.10052174	7.001665322000001	7.477857368	8.650019329	11.10331793	16.26365131
1990	6.821766205	10.23943536	6.886429872000001	7.127765887000001	8.469517462	10.81998463	16.2254853
1991	6.816089277000001	10.35457574	6.774102134	6.836081814	8.459559637	10.53607335	16.17860564
1992	6.772280685	10.44114464	6.663599158999999	6.621999328999999	8.33981844	10.25711293	16.10950182
1993	6.762446944	10.99506277	6.553355882000001	6.412761821	8.600208087	9.988963262	16.01825486
1994	6.663380021	11.11583861	6.4425161310000005	6.228015766	8.640502853	9.73437243	15.90975831
1995	6.720996953999999	11.07817632	6.33931141	6.047193233	8.631055239	9.496611823	15.79016502
1996	6.685274699	10.87936793	6.238210631	5.911581493	8.650825101	9.27681811	15.65894415
1997	6.666453511	10.69098001	6.143502505	5.802919889	8.55137399	9.073653189	15.51245273
1998	6.656281731	10.57943536	6.062190264	5.712421663	8.461656984	8.884871887000001	15.34628715
1999	6.6471017020000005	10.74949543	5.990674229	5.634621621	8.471909729	8.710690546	15.15740303
2000	6.628508929	10.75121579	5.930915872999999	5.569434856	8.362270509	8.549725403	14.93846641
2001	6.6057455560000005	10.70696255	5.8846248039999995	5.512816904	8.362087716	8.402135227	14.6809818
2002	6.617999536	10.71831127	5.847603309	5.469198607	8.36202781	8.264925055	14.37935392
2003	6.626042441	10.99351798	5.8200437229999995	5.430919775	8.281660667	8.13715513	14.03232884
2004	6.61026206	10.6223278	5.801128082000001	5.389735063	8.106162325	8.015581602000001	13.64412546
2005	6.689979996	10.76267128	5.788508682000001	5.352208646	8.181511914	7.899227838	13.22325207
2006	6.865442177	10.46560352	5.779329335	5.31161062	7.991569612	7.784216695	12.78008649
2007	6.949909524	10.39568738	5.777375686	5.2732108360000005	7.911234466	7.672284009	12.32693556
2008	7.04868588	10.37895917	5.780640064	5.233304167	8.011068154	7.562653736000001	11.88122399
2009	7.053393217000001	10.21119306	5.787315206000001	5.196523054	7.820847242	7.457848016	11.45194528
2010	7.095145997	10.20225699	5.798151644	5.165597159	7.906242869	7.360384428	11.04840549
2011	7.139367805	10.00416977	5.813843792999999	5.1381584810000005	7.966238745	7.274926314	10.67591281
2012	7.156303591	10.08826013	5.833908857000001	5.10669216	8.001876749	7.2039849160000005	10.33284439
2013	7.168125664	9.990256883999999	5.858869972999999	5.070630079	8.113217553	7.150398555	10.0166298
2014	7.17772033	9.904033782	5.891644039	5.035367191000001	8.142883826	7.113632742999999	9.728131767999999
2015	7.168753454	10.17543981	5.922714285	5.002127027	8.345444504	7.092719725	9.466686196
