year	EAS	ECS	LCN	MEA	NAC	SAS	SSF
1970	316.03279380000004	1364.998535	612.2833663	296.42251960000004	5140.490459000001	118.8700585	220.68103390000002
1971	342.35983250000004	1527.656731	668.1561163	332.96120049999996	5525.142965	123.4852777	218.7054269
1972	415.0353648	1815.330105	732.9453286	395.6513367	6017.694952000001	121.21751409999999	239.94044739999998
1973	535.0361838	2287.229325	936.4852482999999	518.4478728	6657.814444	135.4548294	298.5718541
1974	602.7900736	2564.59364	1186.8937	918.5023470000001	7222.982749	160.3463303	380.81225960000006
1975	647.5789467999999	2974.094663	1215.853295	975.0216688999999	7787.748573000001	168.1141757	407.433962
1976	700.0623196	3069.4008910000002	1320.5642460000001	1177.755192	8627.878193999999	160.24196609999998	430.26626330000005
1977	821.695811	3455.0587060000003	1420.266758	1326.541354	9414.663526999999	180.9440459	461.14314519999994
1978	1021.521362	4189.042209	1575.2038810000001	1366.589633	10441.60877	201.0813835	495.38655610000006
1979	1092.261939	5090.813631	1836.4421989999998	1731.308063	11531.25921	219.9469506	579.5907069
1980	1163.1850220000001	5727.064763	2129.749703	2164.504986	12454.59512	258.96260409999996	707.3526568
1981	1263.022825	5063.655694	2399.869138	2165.371599	13827.118330000001	268.0997608	692.2967945
1982	1217.936208	4850.570162	2196.366355	2086.2516170000004	14242.80861	270.8759623	629.4551326000001
1983	1275.791902	4678.932697	1908.158477	2049.763352	15347.14153	279.9831666	571.046256
1984	1346.403808	4470.714932	1842.46897	2009.870537	16809.36509	272.29920189999996	529.9184912
1985	1399.7231179999999	4599.283021	1859.039184	1974.5801579999998	17855.70724	289.2786255	484.2854752
1986	1800.8540030000001	6238.81246	1854.424314	1957.290433	18651.91897	299.37503599999997	520.4194181
1987	2080.576611	7661.967265	1912.4561440000002	1761.715125	19720.685690000002	324.9000435	598.2599253
1988	2463.34985	8477.006218	2144.947449	1699.224066	21224.345690000002	341.3826273	613.2048155
1989	2525.363988	8611.831005	2304.05985	1700.728603	22694.96805	336.959592	619.7648716
1990	2598.122054	10480.10447	2630.045683	2151.4634100000003	23696.37127	354.8263474	605.6891799
1991	2892.053945	10770.78171	3177.209703	2108.3091600000002	24131.30752	308.8998779	602.8803313999999
1992	3118.6168559999996	11503.82039	2943.44337	2259.073636	25021.26256	321.0047455	583.5045244
1993	3444.71981	10533.05053	3325.830666	2222.973135	25822.08039	311.29871789999993	538.9567502
1994	3805.0889950000005	10991.24793	3762.532685	2268.633821	26988.83444	345.7283932	510.5718574
1995	4272.147239	12653.910829999999	3943.9493020000004	2468.9320399999997	27968.72921	376.35792260000005	574.0017255
1996	4068.1539380000004	12900.30843	4200.176512	2738.783189	29189.846189999997	403.60572129999997	576.9055336
1997	3849.187011	12220.090890000001	4537.451966	2784.096258	30604.986589999997	415.1484893	581.415373
1998	3414.585274	12506.18517	4507.303372	2651.4295629999997	31761.24161	412.9641402	534.3120903
1999	3774.769717	12347.05283	4006.307293	2784.7841710000002	33397.980910000006	434.1427339	523.8944123
2000	4045.075328	11619.01919	4357.889343	3048.237009	35242.0642	443.34703729999995	547.0942137
2001	3728.802678	11714.35118	4204.441957	3003.1772300000002	35942.43627	446.73152589999995	496.12354270000003
2002	3756.361056	12792.281840000001	3722.021528	2936.079905	36794.853610000006	461.3695232	517.9105256
2003	4096.936968999999	15541.298990000001	3752.86795	3245.973955	38550.0799	529.4026448	643.8664937000001
2004	4559.673917	18061.81581	4269.064772	3716.494316	40948.23418	603.4553416	780.7242216
2005	4829.312010000001	19182.93351	5098.3549969999995	4384.915333	43514.08192	680.015533	892.5950134999999
2006	5084.3519670000005	20702.313869999998	5898.309824	5026.666552000001	45849.04082	765.3120006	1017.336222
2007	5647.053162	24106.793859999998	6861.169689	5833.362032999999	47723.72747	953.7906870999999	1151.654104
2008	6476.447147999999	26353.15985	7874.256572	7117.492299	48232.31001	956.6285107000001	1282.68264
2009	6628.143435	23085.68735	7307.881394	6229.030788	46394.38485	1036.031735	1198.140952
2010	7676.519195999999	23531.20147	8954.198193	7126.771933	48291.07443	1252.229347	1554.501473
2011	8842.715804000001	26013.77693	10062.84428	8276.272941	50027.57819	1373.80909	1705.618763
2012	9401.268339	24973.81177	10047.09072	8832.069226000001	51561.45955	1370.5655179999999	1740.3012489999999
2013	9445.934667	25979.179	10176.51011	8602.500554	52751.798989999996	1386.947343	1787.2444850000002
2014	9663.41906	26196.01535	10258.36743	8471.517877	54295.34242000001	1499.548523	1822.0804010000002
2015	9546.209264	22451.80905	8723.026709	7323.031083	55153.21527000001	1545.277313	1600.696884
